%YAML:1.0
---
calibration_time: "Mon 05 Dec 2022 16:36:01 CST"
image_width: 1280
image_height: 800
flags: 0
camera_matrix: !!opencv-matrix
   rows: 3
   cols: 3
   dt: d
   data: [ 1.1290388188952654e+03, 0., 6.4979332035076379e+02, 0.,
       1.1258109407201828e+03, 3.9976221242601929e+02, 0., 0., 1. ]
distortion_coefficients: !!opencv-matrix
   rows: 1
   cols: 5
   dt: d
   data: [ 1.1082486564491002e-01, -1.0138207997218056e+00,
       -4.0342448399624574e-04, 1.2127870967400191e-03,
       1.6485270183806364e+00 ]
avg_reprojection_error: 1.0972211704560062e+00
